9645172
10935635
10068414
16313787
9331116
13928045
14561582
11816840
13281211
8774487
12889618
9377449
9162671
12165414
9095357
9919468
9992302
17641195
13125267
12033970
10323209
11562229
9575561
8519523
15014378
12134840
13436359
8627672
14850489
10095524
9987746
12481006
17412194
9075301
11729748
10760469
18398547
14604397
12529192
8357468
13350600
13745063
9457357
11441117
8177782
11831766
11218654
9760357
11849228
15767934
15533156
13622785
10730358
14107600
16553879
11419802
17067009
15471230
12860358
13441211
9145783
17932176
8395782
10188857
8375357
7532726
15660008
7610893
12826414
7994578
8722504
9777228
11025765
8146801
8925245
13237432
12483229
18671602
8903190
11006876
9126820
7792096
12048450
10162654
10878765
15022174
8893486
8431597
11728135
11636228
11756024
11049265
9936986
14695618
9651078
9830690
9138301
15020007
9004838
8898023
8278838
8306301
11765950
9065949
8290023
10423913
9288208
9659857
9386690
10930894
12311710
10162486
11727857
13420358
12139672
13950654
7373281
14223932
10852857
11710246
12731524
9938449
10460394
9461171
15585230
12633321
10488802
12211265
11824894
11942005
11552764
10012468
15196692
13632432
10868987
11197616
13588581
14424488
10449783
11602005
16338711
12336524
12772932
10633931
13861525
10668912
8999208
17896378
11188505
8694171
16653230
15752007
17239063
14540543
10095208
10296079
13994524
7894577
10452875
12070061
12473061
13296747
16730507
12880376
7652873
15606933
12337635
12334765
10142689
16806637
11431134
11887339
9665930
10974857
9125133
8588985
10828060
19737990
9807837
8272818
13150672
9798837
13195154
17980693
20179564
13532598
15992970
11531431
11532764
11281579
10000801
10222708
13232302
7594355
10364616
8525411
9148800
17339526
7528559
9077338
15693765
8425263
13170413
9353597
10791449
8681726
9588467
12271764
11938394
9838948
9604948
10059671
10083912
18237692
9432226
17823174
13672876
9914208
12769709
10577689
15023895
12189190
11919431
18002637
13008023
9516411
9530060
8812096
13354265
10662097
10831968
16298284
9293652
14935746
9735429
13654912
8651707
11119986
11170097
11418282
10713152
12831690
9665966
9836171
10096504
8207744
14313227
11421356
12023598
11058337
10787041
9512208
11186930
20251397
10464374
9354244
9568782
10088689
9742892
11366059
8003040
17136229
9231226
10328171
9612523
13065171
12501172
8255596
11658504
13820468
8859633
9476874
8843726
10487967
9012411
9738374
13272468
9940300
17225932
11838967
13215783
20292896
9157485
8638373
10053485
12369301
9938059
9971152
10262152
11601949
7843114
9204707
7987966
11271226
11757949
11159578
11551226
11141782
14118894
9436688