5086559
7194800
8125689
4316095
6599318
6335762
7989300
6455318
7422744
5261299
5645003
8883727
6339541
5055188
5764392
6275670
5404892
6343373
4408465
5198873
5812614
4701114
5153780
5177798
6895985
12361876
6610559
7174799
5395910
8319022
4579372
6991874
8731449
7806725
7491189
7097466
6610263
5114446
6419577
7405467
6579614
5845058
10373375
6362281
7312355
7145263
9566171
5483836
3638668
6546615
6290632
3901113
4532613
9528227
6262188
4907094
7320337
5571780
5961133
7127318
6437132
9095856
7395003
9171763
10796024
11580265
5597984
8115930
5454799
8127282
4966187
9933726
7325521
6870151
5043002
4437150
4718280
5465169
5326410
6399188
8842374
5395669
9021855
6831725
5703596
7361799
5664669
4071465
8653763
6289707
5314132
6847280
6225836
4338872
4802335
4837984
5582984
3936242
4395372
6029206
8941708
5843207
8276355
6456262
11190171
4791705
8529152
11371282
6496188
7558411
6155243
5086947
6588799
3402427
7224688
5687262
4961762
8826078
5440317
5317521
8034596
5683687
4217021
3733760
4767354
7717299
3986002
3635761
8967782
3728797
4327631
6945540
7198428
4683132
5135354
6083595
4637946
3779334
5745021
6601799
6046243
9545430
5220891
6334355
6171799
7165281
13593857
6246003
9048763
5126965
5780613
6362521
6032447
3966464
3707112
5329965
5936983
4200669
5520780
4866576
5169891
9741004
6833280
5394947
4860280
7333077
8155263
6074910
10260300
6047594
8076947
14979728
10222152
8434818
8351355
10209652
7079503
6143410
8252540
6874355
7421096
8510929
7646928
5386447
5989576
7617428
6377354
5601928
4093335
4157317
7788040
5480687
8160021
6338484
6808447
5699317
8253299
7919354
6566484
9468614
4932872
13720376
7314040
5112187
5315742
6197576
6207669
4592817
4119891
6206910
6659299
4823817
7153150
4096853
5096447
6004817
6401909
7059299
7047170
7922503
4887687
4808465
9665262
8750503
4304260
6648410
11960448
9001300
5904799
4751631
7423466
5938891
6403947
4289279
5711057
8513780
6970021
4750613
10396448
9148929
4550076
9063929
13344042
8322503
8366392
6231447
6456854
7474614
7161984
4136853
8308002
5776928
8094169
7638484
6998447
6875651
6317835
8403892
5430669
5044780
5320409
6754725
5101890
6486983
7984003
8608614
6123835
5633095
6379262
6805188
4982613
8626355
4196520
6640836
9556966
7196966
5642946
3793260
5509039
7659484
6682020
5137335
4591205
11366207
5897780
5333724
6249187
4034761
6745724
5561261
5668298
6821502
7499039
7491187
6484705
8324207
8787077
7092410
8186854
7547095