26016077
34658751
29001395
18449701
19634294
17594496
15444827
18599904
18851830
41221403
24200297
19478312
15424271
22162999
14979530
26420446
28647949
31330450
24540334
16716569
15384086
17187976
16947753
15735086
39766252
15752012
15197178
15293512
16627475
14874733
15247492
16388123
15177344
17564772
21899164
26553853
19258199
16857753
15479233
15383641
15148788
28690705
30746466
25576574
16548512
15508178
15383344
16095382
16406437
34476487
15363455
15122400
15653900
15754344
16322567
26491870
25365684
27284648
15582418
14805825
16305233
14737899
16176307
29554020
15328862
15933085
15857196
14933935
14941602
25118812
15451473
15821658
14945787
15037825
15211565
31466131
14857584
16259566
15639751
14958306
16361455
31415482
35744096
12708286
16331158
15143324
17965067
16244288
35000947
15148935
15079861
15796177
15636121
16490232
17923585
15599157
15493120
15146843
15369065
15667027
15296139
15138508
14935250
18447399
32733242
15480509
16798787
15233546
15362787
14932213
30876889
29572647
28756517
16291047
14913953
14764916
15396990
14813879
29722406
15739472
15501953
16303417
14954712
15177379
21572808
24224440
28570053
28964497
15707416
14510545
16270935
14605026
14903786
31508943
15762212
16019046
15403378
15226082
15003786
15091767
16084712
15696156
15712916
15132064
17397825
14847785
15137804
15308342
15802453
28124496
16596750
14859045
15016619
14915489
14962656
28944978
15166878
14750934
15429489
14946656
16112453
31469738
15369267
15510878
15421231
15339082
15784675
32135850
15729860
15517211
17847935
15050563
17235083
30631404
16094823
15661341
14712063
16206193
15041174
14961211
15328564
15289971
15313156
15679952
31408516
28387922
28764921
31261053
14798378
15573916
15139544
15900174
16106471
29521162
15195952
14906137
15298081
17224657
15102544
15970749
15021492
14816610
14810684
14522905
29834702
27620659
15273482
17436579
15503778
15336296
37027180
15072924
16995115
16864947
16657965
14965739
26602340
25322189
14674127
16179038
14921738
15801500
15106424
29475104
14573793
15015163
14592496
15640832
16209722
15010071
14972756
17465132
14569051
17059889
23830238
16260907
14807736
15765757
15126329
16320425
29412638
32201477
14348105
14849013
15612571
15051403
16717684
27967430
15293181
16555184
14872069
15417811
16057645
29299691
14989957
14844494
14360864
15468236
16707553
31058712
28680411
27658150
29638783
30390488
11542319
15193976
14230529
15105531
15341790
14467881
16007995
15832069
15927791
14685030
30492227
25212809
25320180
18371388
19972298
15384530
15538401
31571043
18966278
17562367
15646901
16428680
14937732
31568968
16587531
15563752
14529694
14273527
15639011
35471733
15161214
15224825
15338011
15207491
17997238
14881305