9541082
6339209
8638470
6322154
5594060
5431319
7872580
5800931
6690191
7022246
4492874
4133670
4806060
8150377
3149058
5200041
9872452
7335450
4933282
6331671
3392484
3101521
6128041
3026003
4772374
2623280
2524909
5523893
2617446
2571187
7950339
2841373
2937539
3211354
3653744
5438245
3365503
9368007
2692706
3019983
5836875
5141652
6384856
9669748
2918724
3615632
5563874
3112909
2854076
8091580
2380243
3486299
5679004
2787909
2573427
9925117
3783947
4149058
5645596
2610149
2520539
6345282
2689816
4499966
6083837
3104484
2365039
6159949
2711928
4190910
6330171
2596632
2361853
6125615
2911631
5121300
7985671
3055854
2598447
2636039
2870316
5736856
11280081
2664835
2556224
2507631
3401632
2803021
2628206
3603151
3679336
2679020
3073873
8021412
2742002
3129816
2527817
2507909
2377520
7257856
2376464
2834965
2977020
4857170
3120076
2812335
2454779
2416723
2385817
4548670
4364484
12907730
3081650
2459890
2729113
2597705
2377965
11185099
2425446
2520650
2810724
2448983
2988243
8544227
4721262
4072114
4392818
2471612
2581038
2586964
2644206
2329112
5208577
2369150
3282446
2733779
2602113
2327279
2661371
2599668
3276261
6079707
2546668
2487816
2532705
2622408
2468428
7810134
3761465
3028798
2469946
2523113
3572521
6648004
4879484
2414964
2464353
2591946
2868354
6250892
4857743
2601742
2858001
2548001
2400187
6622041
4622206
2405390
2576612
2702094
2325668
7382930
6538503
2697371
2425501
2310445
2665261
7570041
2441075
3019112
2547668
2374038
2751353
12142598
4691465
4203836
4873706
2401260
2702298
6028132
2658353
2550390
4287391
2421704
2455872
2510945
2670539
2759168
3110298
2481798
2472136
2843266
5253179
5993626
4383789
2508228
2904304
6968017
2650043
6503682
2819822
3164785
3227933
6018681
5147678
3845120
4195399
2385728
2659599
6522663
2418116
2330783
5464031
2408950
2759562
6652441
2440746
3739249
3058507
2572209
2538321
6718497
3214600
3862768
2598543
2699858
2462561
2909599
2402987
3458564
5083288
4120879
2423802
2386413
2429042
2515154
3903749
2426172
2434228
6246162
2351505
2990210
4356213
2694931
2645172
6529273
2499246
2522986
3538971
4471658
4831954
10293595
5540049
2304893
2427894
2717839
2594931
7628275
3017784
4697269
2507894
2410172
2692672
10666965
4039286
5202880
3707137
2915746
2738691
6278197
6092641
2689950
3078358
2486820
2330227
6569587
6016919
3202043
2785580
2315097
2622116
6775180
6025456
2514467
2479060
2512912
2348301
2957284
2469579
2886116